'LearningData': [
    [[18.8, 22.0, 22.8, 22.8], 'Successfull', 22.8],
    [[9.6, 15.6, 18.6, 18.6], 'Successfull', 18.6],
    [[13.2, 16.2, 17.0, 17.0], 'Successfull', 17.0],
    [[9.4, 12.6, 13.6, 13.6], 'Successfull', 13.6],
    [[12.0, 16, 17, 17], 'Successfull', 17],
    [[12.0, 18.0, 21.0, 21.0], 'Successfull', 21.0]
    [[11.0, 17.0, 18.0, 18.0], 'Successfull', 18.0],
    [[12.0, 16.0, 19.0, 19.0], 'Successfull', 19.0],
    [[14.4, 19.2, 20.2, 20.2], 'Failed', 20.2],
    [[16.0, 20.8, 21.8, 21.8], 'Failed', 21.8],
    [[15.2, 20.0, 21.0, 21.0], 'Failed', 21.0],
    [[12.4, 18.4, 21.4, 21.4], 'Failed', 21.4],
    [[17.6, 20.6, 23.6, 23.6], 'Failed', 23.6],
    [[18.0, 23.6, 25.0, 25.0], 'Failed', 25.0],
    [[16.4, 22.4, 23.8, 23.8], 'Failed', 23.8],
    [[14.6, 17.6, 20.6, 20.6], 'Failed', 20.6]
],
'TestData': [
    [[9.8, 13.0, 16.0, 16.0], 'Successfull', 16.0],
    [[14.0, 17.0, 20.0, 20.0], 'Successfull', 20.0],
    [[12.4, 15.4, 16.6, 16.6], 'Failed', 16.6],
    [[17.6, 23.6, 24.6, 24.6], 'Failed', 24.6]]}}