Ship
length;23
width;22
height;18
Containers
2023-01-27-0012;40;4;22;26
2023-01-27-0019;40;4;22;26
2023-01-27-0034;40;4;22;26
2023-01-27-0049;40;4;22;26
2023-01-27-0074;40;4;22;26
2023-01-27-0094;40;4;22;26
2023-01-27-0030;40;4;21;25
2023-01-27-0051;40;4;20;24
2023-01-27-0056;40;4;19;23
2023-01-27-0053;20;2;20;22
2023-01-27-0060;40;4;18;22
2023-01-27-0071;20;2;20;22
2023-01-27-0087;20;2;20;22
2023-01-27-0096;40;4;18;22
2023-01-27-0008;40;4;17;21
2023-01-27-0023;40;4;17;21
2023-01-27-0059;40;4;17;21
2023-01-27-0063;20;2;19;21
2023-01-27-0066;40;4;17;21
2023-01-27-0010;20;2;18;20
2023-01-27-0013;40;4;16;20
2023-01-27-0067;40;4;16;20
2023-01-27-0078;20;2;18;20
2023-01-27-0092;40;4;16;20
2023-01-27-0001;40;4;15;19
2023-01-27-0089;40;4;15;19
2023-01-27-0021;20;2;16;18
2023-01-27-0025;20;2;16;18
2023-01-27-0046;40;4;14;18
2023-01-27-0065;40;4;14;18
2023-01-27-0095;20;2;16;18
2023-01-27-0002;20;2;15;17
2023-01-27-0005;20;2;15;17
2023-01-27-0052;20;2;15;17
2023-01-27-0058;40;4;13;17
2023-01-27-0070;20;2;15;17
2023-01-27-0018;40;4;12;16
2023-01-27-0027;40;4;12;16
2023-01-27-0036;40;4;12;16
2023-01-27-0082;20;2;14;16
2023-01-27-0099;40;4;12;16
2023-01-27-0004;20;2;13;15
2023-01-27-0024;20;2;13;15
2023-01-27-0032;40;4;11;15
2023-01-27-0081;40;4;11;15
2023-01-27-0088;20;2;13;15
2023-01-27-0091;40;4;11;15
2023-01-27-0007;20;2;12;14
2023-01-27-0028;20;2;12;14
2023-01-27-0073;20;2;12;14
2023-01-27-0015;20;2;11;13
2023-01-27-0020;20;2;11;13
2023-01-27-0033;20;2;11;13
2023-01-27-0045;40;4;9;13
2023-01-27-0048;40;4;9;13
2023-01-27-0075;20;2;11;13
2023-01-27-0079;20;2;11;13
2023-01-27-0009;20;2;10;12
2023-01-27-0011;20;2;10;12
2023-01-27-0014;20;2;9;11
2023-01-27-0017;20;2;9;11
2023-01-27-0031;40;4;7;11
2023-01-27-0072;40;4;7;11
2023-01-27-0076;20;2;9;11
2023-01-27-0090;40;4;7;11
2023-01-27-0006;40;4;6;10
2023-01-27-0016;20;2;8;10
2023-01-27-0083;20;2;8;10
2023-01-27-0022;20;2;7;9
2023-01-27-0042;20;2;7;9
2023-01-27-0057;40;4;5;9
2023-01-27-0064;40;4;5;9
2023-01-27-0084;40;4;5;9
2023-01-27-0100;40;4;5;9
2023-01-27-0062;40;4;4;8
2023-01-27-0086;20;2;6;8
2023-01-27-0041;40;4;3;7
2023-01-27-0085;20;2;5;7
2023-01-27-0037;40;4;2;6
2023-01-27-0047;20;2;4;6
2023-01-27-0003;40;4;1;5
2023-01-27-0035;20;2;3;5
2023-01-27-0039;40;4;1;5
2023-01-27-0044;40;4;1;5
2023-01-27-0055;20;2;3;5
2023-01-27-0061;20;2;3;5
2023-01-27-0068;40;4;1;5
2023-01-27-0069;20;2;3;5
2023-01-27-0098;20;2;3;5
2023-01-27-0026;40;4;0;4
2023-01-27-0038;20;2;2;4
2023-01-27-0040;20;2;2;4
2023-01-27-0043;20;2;2;4
2023-01-27-0050;20;2;2;4
2023-01-27-0054;40;4;0;4
2023-01-27-0080;40;4;0;4
2023-01-27-0077;20;2;1;3
2023-01-27-0093;20;2;1;3
2023-01-27-0029;20;2;0;2
2023-01-27-0097;20;2;0;2
